类型,Trav,Order,延迟(ns),带宽(ops),带宽(MB/s)
clwb sfence,Calc,seq,28,35714285,2285
clwb,Calc,seq,36,27777777,1777
nt store sfence,Calc,seq,7,142857142,9142
nt store,Calc,seq,7,142857142,9142
clf_load,Calc,seq,65,15384615,984
load,Calc,seq,57,17543859,1122
clwb sfence,Calc,rand,83,12048192,771
clwb,Calc,rand,83,12048192,771
nt store sfence,Calc,rand,9,111111111,7111
nt store,Calc,rand,9,111111111,7111
clf_load,Calc,rand,85,11764705,752
load,Calc,rand,86,11627906,744
