类型,Trav,Order,延迟(ns),带宽(ops),带宽(MB/s)
clwb sfence,Calc,rand,28,35714285,2285
clwb,Calc,rand,28,35714285,2285
nt store sfence,Calc,rand,10,100000000,6400
nt store,Calc,rand,10,100000000,6400
clf_load,Calc,rand,29,34482758,2206
load,Calc,rand,29,34482758,2206
